RHOD k5_L30 0.1 0.1 4 83 324 72 259768 0.535483525494 0.181818135905
RHOD k5_L30 0.1 0.1 8 54 606 186 259401 0.22499990625 0.234848455196
RHOD k5_L30 0.1 0.1 32 92 2945 222 256988 0.292993537263 0.0700978822198
RHOD k5_L30 0.1 0.25 4 83 324 72 259768 0.535483525494 0.181818135905
RHOD k5_L30 0.1 0.25 8 54 606 186 259401 0.22499990625 0.234848455196
RHOD k5_L30 0.1 0.25 32 92 2945 222 256988 0.292993537263 0.0700978822198
RHOD k5_L30 0.1 0.5 4 83 324 72 259768 0.535483525494 0.181818135905
RHOD k5_L30 0.1 0.5 8 54 606 186 259401 0.22499990625 0.234848455196
RHOD k5_L30 0.1 0.5 32 92 2945 222 256988 0.292993537263 0.0700978822198
RHOD k5_L30 0.25 0.1 4 217 304 92 259634 0.702265144898 0.232323173656
RHOD k5_L30 0.25 0.1 8 160 590 202 259295 0.44198882818 0.255050472847
RHOD k5_L30 0.25 0.1 32 184 2945 222 256896 0.453201858817 0.0700978822198
RHOD k5_L30 0.25 0.25 4 217 304 92 259634 0.702265144898 0.232323173656
RHOD k5_L30 0.25 0.25 8 160 590 202 259295 0.44198882818 0.255050472847
RHOD k5_L30 0.25 0.25 32 184 2945 222 256896 0.453201858817 0.0700978822198
RHOD k5_L30 0.25 0.5 4 217 304 92 259634 0.702265144898 0.232323173656
RHOD k5_L30 0.25 0.5 8 160 590 202 259295 0.44198882818 0.255050472847
RHOD k5_L30 0.25 0.5 32 184 2945 222 256896 0.453201858817 0.0700978822198
RHOD k5_L30 0.5 0.1 4 217 304 92 259634 0.702265144898 0.232323173656
RHOD k5_L30 0.5 0.1 8 160 590 202 259295 0.44198882818 0.255050472847
RHOD k5_L30 0.5 0.1 32 184 2945 222 256896 0.453201858817 0.0700978822198
RHOD k5_L30 0.5 0.25 4 217 304 92 259634 0.702265144898 0.232323173656
RHOD k5_L30 0.5 0.25 8 160 590 202 259295 0.44198882818 0.255050472847
RHOD k5_L30 0.5 0.25 32 184 2945 222 256896 0.453201858817 0.0700978822198
RHOD k5_L30 0.5 0.5 4 217 304 92 259634 0.702265144898 0.232323173656
RHOD k5_L30 0.5 0.5 8 160 590 202 259295 0.44198882818 0.255050472847
RHOD k5_L30 0.5 0.5 32 184 2945 222 256896 0.453201858817 0.0700978822198
RHOD k9_L54 0.1 0.1 4 7 221 175 259844 0.0384615173288 0.441919080323
RHOD k9_L54 0.1 0.1 8 9 622 170 259446 0.0502793015199 0.214646437545
RHOD k9_L54 0.1 0.1 32 3 3061 106 257077 0.0275229105294 0.0334701599788
RHOD k9_L54 0.1 0.25 4 7 221 175 259844 0.0384615173288 0.441919080323
RHOD k9_L54 0.1 0.25 8 9 622 170 259446 0.0502793015199 0.214646437545
RHOD k9_L54 0.1 0.25 32 3 3033 134 257077 0.0218977942352 0.0423113343129
RHOD k9_L54 0.1 0.5 4 7 221 175 259844 0.0384615173288 0.441919080323
RHOD k9_L54 0.1 0.5 8 9 622 170 259446 0.0502793015199 0.214646437545
RHOD k9_L54 0.1 0.5 32 3 3033 134 257077 0.0218977942352 0.0423113343129
RHOD k9_L54 0.25 0.1 4 7 221 175 259844 0.0384615173288 0.441919080323
RHOD k9_L54 0.25 0.1 8 9 622 170 259446 0.0502793015199 0.214646437545
RHOD k9_L54 0.25 0.1 32 3 3061 106 257077 0.0275229105294 0.0334701599788
RHOD k9_L54 0.25 0.25 4 7 221 175 259844 0.0384615173288 0.441919080323
RHOD k9_L54 0.25 0.25 8 9 622 170 259446 0.0502793015199 0.214646437545
RHOD k9_L54 0.25 0.25 32 3 3033 134 257077 0.0218977942352 0.0423113343129
RHOD k9_L54 0.25 0.5 4 7 221 175 259844 0.0384615173288 0.441919080323
RHOD k9_L54 0.25 0.5 8 9 622 170 259446 0.0502793015199 0.214646437545
RHOD k9_L54 0.25 0.5 32 3 3033 134 257077 0.0218977942352 0.0423113343129
RHOD k9_L54 0.5 0.1 4 7 221 175 259844 0.0384615173288 0.441919080323
RHOD k9_L54 0.5 0.1 8 9 622 170 259446 0.0502793015199 0.214646437545
RHOD k9_L54 0.5 0.1 32 3 3061 106 257077 0.0275229105294 0.0334701599788
RHOD k9_L54 0.5 0.25 4 7 221 175 259844 0.0384615173288 0.441919080323
RHOD k9_L54 0.5 0.25 8 9 622 170 259446 0.0502793015199 0.214646437545
RHOD k9_L54 0.5 0.25 32 3 3033 134 257077 0.0218977942352 0.0423113343129
RHOD k9_L54 0.5 0.5 4 7 221 175 259844 0.0384615173288 0.441919080323
RHOD k9_L54 0.5 0.5 8 9 622 170 259446 0.0502793015199 0.214646437545
RHOD k9_L54 0.5 0.5 32 3 3033 134 257077 0.0218977942352 0.0423113343129
RHOD k17_Linf 0.1 0.1 4 7 352 44 259844 0.137254632834 0.111111083053
RHOD k17_Linf 0.1 0.1 8 34 159 633 259421 0.0509745051013 0.799242323328
RHOD k17_Linf 0.1 0.1 32 37 1943 1224 257043 0.0293417899015 0.386485620888
RHOD k17_Linf 0.1 0.25 4 7 352 44 259844 0.137254632834 0.111111083053
RHOD k17_Linf 0.1 0.25 8 34 159 633 259421 0.0509745051013 0.799242323328
RHOD k17_Linf 0.1 0.25 32 46 1626 1541 257034 0.0289855054199 0.486580344598
RHOD k17_Linf 0.1 0.5 4 7 352 44 259844 0.137254632834 0.111111083053
RHOD k17_Linf 0.1 0.5 8 34 159 633 259421 0.0509745051013 0.799242323328
RHOD k17_Linf 0.1 0.5 32 46 1626 1541 257034 0.0289855054199 0.486580344598
RHOD k17_Linf 0.25 0.1 4 7 352 44 259844 0.137254632834 0.111111083053
RHOD k17_Linf 0.25 0.1 8 34 159 633 259421 0.0509745051013 0.799242323328
RHOD k17_Linf 0.25 0.1 32 37 1943 1224 257043 0.0293417899015 0.386485620888
RHOD k17_Linf 0.25 0.25 4 7 352 44 259844 0.137254632834 0.111111083053
RHOD k17_Linf 0.25 0.25 8 34 159 633 259421 0.0509745051013 0.799242323328
RHOD k17_Linf 0.25 0.25 32 46 1626 1541 257034 0.0289855054199 0.486580344598
RHOD k17_Linf 0.25 0.5 4 7 352 44 259844 0.137254632834 0.111111083053
RHOD k17_Linf 0.25 0.5 8 34 159 633 259421 0.0509745051013 0.799242323328
RHOD k17_Linf 0.25 0.5 32 46 1626 1541 257034 0.0289855054199 0.486580344598
RHOD k17_Linf 0.5 0.1 4 7 352 44 259844 0.137254632834 0.111111083053
RHOD k17_Linf 0.5 0.1 8 34 159 633 259421 0.0509745051013 0.799242323328
RHOD k17_Linf 0.5 0.1 32 37 1943 1224 257043 0.0293417899015 0.386485620888
RHOD k17_Linf 0.5 0.25 4 7 352 44 259844 0.137254632834 0.111111083053
RHOD k17_Linf 0.5 0.25 8 34 159 633 259421 0.0509745051013 0.799242323328
RHOD k17_Linf 0.5 0.25 32 46 1626 1541 257034 0.0289855054199 0.486580344598
RHOD k17_Linf 0.5 0.5 4 7 352 44 259844 0.137254632834 0.111111083053
RHOD k17_Linf 0.5 0.5 8 34 159 633 259421 0.0509745051013 0.799242323328
RHOD k17_Linf 0.5 0.5 32 46 1626 1541 257034 0.0289855054199 0.486580344598