AA k5_L30 0.1 0.1 3 901 640 221 300432 0.803030231459 0.256678251257
AA k5_L30 0.1 0.1 4 840 835 313 300206 0.72853419527 0.272648059874
AA k5_L30 0.1 0.1 16 925 3861 729 296679 0.559250268485 0.158823525952
AA k5_L30 0.1 0.1 32 853 8565 617 292159 0.580272069369 0.0671966884426
AA k5_L30 0.1 0.25 3 1400 616 245 299933 0.851063778051 0.284552812479
AA k5_L30 0.1 0.25 4 1378 835 313 299668 0.81490237641 0.272648059874
AA k5_L30 0.1 0.25 16 1494 3956 634 296110 0.702067636181 0.138126358646
AA k5_L30 0.1 0.25 32 1979 7662 1520 291033 0.565590152455 0.165541274607
AA k5_L30 0.1 0.5 3 1400 616 245 299933 0.851063778051 0.284552812479
AA k5_L30 0.1 0.5 4 1378 835 313 299668 0.81490237641 0.272648059874
AA k5_L30 0.1 0.5 16 1494 3956 634 296110 0.702067636181 0.138126358646
AA k5_L30 0.1 0.5 32 1994 7919 1263 291018 0.612219815406 0.137551730151
AA k5_L30 0.25 0.1 3 1154 610 251 300179 0.821352254708 0.291521452785
AA k5_L30 0.25 0.1 4 1100 891 257 299946 0.810611583595 0.223867576318
AA k5_L30 0.25 0.1 16 1137 3861 729 296467 0.609324726188 0.158823525952
AA k5_L30 0.25 0.1 32 955 8565 617 292057 0.607506322678 0.0671966884426
AA k5_L30 0.25 0.25 3 2456 586 275 298877 0.899304251216 0.319396014007
AA k5_L30 0.25 0.25 4 2348 891 257 298698 0.901343535457 0.223867576318
AA k5_L30 0.25 0.25 16 2443 3956 634 295161 0.793955125318 0.138126358646
AA k5_L30 0.25 0.25 32 2780 7662 1520 290232 0.646511612872 0.165541274607
AA k5_L30 0.25 0.5 3 2456 586 275 298877 0.899304251216 0.319396014007
AA k5_L30 0.25 0.5 4 2370 891 257 298676 0.902169741067 0.223867576318
AA k5_L30 0.25 0.5 16 2456 3956 634 295148 0.79482198075 0.138126358646
AA k5_L30 0.25 0.5 32 2918 7919 1263 290094 0.697919141404 0.137551730151
AA k5_L30 0.5 0.1 3 1154 610 251 300179 0.821352254708 0.291521452785
AA k5_L30 0.5 0.1 4 1100 891 257 299946 0.810611583595 0.223867576318
AA k5_L30 0.5 0.1 16 1137 3861 729 296467 0.609324726188 0.158823525952
AA k5_L30 0.5 0.1 32 955 8565 617 292057 0.607506322678 0.0671966884426
AA k5_L30 0.5 0.25 3 2456 586 275 298877 0.899304251216 0.319396014007
AA k5_L30 0.5 0.25 4 2348 891 257 298698 0.901343535457 0.223867576318
AA k5_L30 0.5 0.25 16 2443 3956 634 295161 0.793955125318 0.138126358646
AA k5_L30 0.5 0.25 32 2780 7662 1520 290232 0.646511612872 0.165541274607
AA k5_L30 0.5 0.5 3 2456 586 275 298877 0.899304251216 0.319396014007
AA k5_L30 0.5 0.5 4 2370 891 257 298676 0.902169741067 0.223867576318
AA k5_L30 0.5 0.5 16 2456 3956 634 295148 0.79482198075 0.138126358646
AA k5_L30 0.5 0.5 32 2918 7919 1263 290094 0.697919141404 0.137551730151
AA k9_L54 0.1 0.1 3 400 525 336 300933 0.543478187027 0.390243857115
AA k9_L54 0.1 0.1 4 487 651 497 300559 0.49491864889 0.432926791557
AA k9_L54 0.1 0.1 16 379 3825 765 297225 0.331293677334 0.166666663036
AA k9_L54 0.1 0.1 32 616 8823 359 292396 0.631794806995 0.0390982352527
AA k9_L54 0.1 0.25 3 1727 525 336 299606 0.837130352054 0.390243857115
AA k9_L54 0.1 0.25 4 1864 651 497 299182 0.789495942842 0.432926791557
AA k9_L54 0.1 0.25 16 1960 3899 691 295644 0.739343616019 0.15054465903
AA k9_L54 0.1 0.25 32 1921 7819 1363 291091 0.58495735125 0.14844260348
AA k9_L54 0.1 0.5 3 1910 525 336 299423 0.850400674515 0.390243857115
AA k9_L54 0.1 0.5 4 2127 651 497 298919 0.810594481304 0.432926791557
AA k9_L54 0.1 0.5 16 2249 3899 691 295355 0.764965960375 0.15054465903
AA k9_L54 0.1 0.5 32 2075 8003 1179 290937 0.637676685996 0.128403396554
AA k9_L54 0.25 0.1 3 453 525 336 300880 0.574144413923 0.390243857115
AA k9_L54 0.25 0.1 4 487 649 499 300559 0.493914757209 0.434668951684
AA k9_L54 0.25 0.1 16 379 3825 765 297225 0.331293677334 0.166666663036
AA k9_L54 0.25 0.1 32 616 8823 359 292396 0.631794806995 0.0390982352527
AA k9_L54 0.25 0.25 3 2178 525 336 299155 0.866348414226 0.390243857115
AA k9_L54 0.25 0.25 4 1970 649 499 299076 0.797893851847 0.434668951684
AA k9_L54 0.25 0.25 16 1960 3899 691 295644 0.739343616019 0.15054465903
AA k9_L54 0.25 0.25 32 1921 7819 1363 291091 0.58495735125 0.14844260348
AA k9_L54 0.25 0.5 3 2417 525 336 298916 0.877951293936 0.390243857115
AA k9_L54 0.25 0.5 4 2262 649 499 298784 0.819268351348 0.434668951684
AA k9_L54 0.25 0.5 16 2249 3899 691 295355 0.764965960375 0.15054465903
AA k9_L54 0.25 0.5 32 2075 8003 1179 290937 0.637676685996 0.128403396554
AA k9_L54 0.5 0.1 3 453 525 336 300880 0.574144413923 0.390243857115
AA k9_L54 0.5 0.1 4 487 649 499 300559 0.493914757209 0.434668951684
AA k9_L54 0.5 0.1 16 379 3825 765 297225 0.331293677334 0.166666663036
AA k9_L54 0.5 0.1 32 616 8823 359 292396 0.631794806995 0.0390982352527
AA k9_L54 0.5 0.25 3 2178 525 336 299155 0.866348414226 0.390243857115
AA k9_L54 0.5 0.25 4 1970 649 499 299076 0.797893851847 0.434668951684
AA k9_L54 0.5 0.25 16 1960 3899 691 295644 0.739343616019 0.15054465903
AA k9_L54 0.5 0.25 32 1921 7819 1363 291091 0.58495735125 0.14844260348
AA k9_L54 0.5 0.5 3 2417 525 336 298916 0.877951293936 0.390243857115
AA k9_L54 0.5 0.5 4 2262 649 499 298784 0.819268351348 0.434668951684
AA k9_L54 0.5 0.5 16 2249 3899 691 295355 0.764965960375 0.15054465903
AA k9_L54 0.5 0.5 32 2075 8003 1179 290937 0.637676685996 0.128403396554
AA k17_Linf 0.1 0.1 3 0 861 0 301333 0.0 0.0
AA k17_Linf 0.1 0.1 4 25 1064 84 301021 0.229357587745 0.0731707253336
AA k17_Linf 0.1 0.1 16 114 4386 204 297490 0.358490453305 0.0444444434762
AA k17_Linf 0.1 0.1 32 118 9107 75 292894 0.611398646944 0.00816815499708
AA k17_Linf 0.1 0.25 3 1159 861 0 300174 0.999999913719 0.0
AA k17_Linf 0.1 0.25 4 1132 1064 84 299914 0.930920976076 0.0731707253336
AA k17_Linf 0.1 0.25 16 1064 1743 2847 296540 0.272053176373 0.620261424395
AA k17_Linf 0.1 0.25 32 912 6445 2737 292100 0.24993148123 0.298083203027
AA k17_Linf 0.1 0.5 3 1734 861 0 299599 0.99999994233 0.0
AA k17_Linf 0.1 0.5 4 1468 1064 84 299578 0.945876227714 0.0731707253336
AA k17_Linf 0.1 0.5 16 1400 1616 2974 296204 0.320073152262 0.647930269108
AA k17_Linf 0.1 0.5 32 1441 2151 7031 291571 0.170089705263 0.765737303793
AA k17_Linf 0.25 0.1 3 0 861 0 301333 0.0 0.0
AA k17_Linf 0.25 0.1 4 25 1064 84 301021 0.229357587745 0.0731707253336
AA k17_Linf 0.25 0.1 16 114 4386 204 297490 0.358490453305 0.0444444434762
AA k17_Linf 0.25 0.1 32 118 9107 75 292894 0.611398646944 0.00816815499708
AA k17_Linf 0.25 0.25 3 1159 861 0 300174 0.999999913719 0.0
AA k17_Linf 0.25 0.25 4 1132 1064 84 299914 0.930920976076 0.0731707253336
AA k17_Linf 0.25 0.25 16 1064 1743 2847 296540 0.272053176373 0.620261424395
AA k17_Linf 0.25 0.25 32 912 6445 2737 292100 0.24993148123 0.298083203027
AA k17_Linf 0.25 0.5 3 1734 861 0 299599 0.99999994233 0.0
AA k17_Linf 0.25 0.5 4 1468 1064 84 299578 0.945876227714 0.0731707253336
AA k17_Linf 0.25 0.5 16 1400 1616 2974 296204 0.320073152262 0.647930269108
AA k17_Linf 0.25 0.5 32 1441 2151 7031 291571 0.170089705263 0.765737303793
AA k17_Linf 0.5 0.1 3 0 861 0 301333 0.0 0.0
AA k17_Linf 0.5 0.1 4 25 1064 84 301021 0.229357587745 0.0731707253336
AA k17_Linf 0.5 0.1 16 114 4386 204 297490 0.358490453305 0.0444444434762
AA k17_Linf 0.5 0.1 32 118 9107 75 292894 0.611398646944 0.00816815499708
AA k17_Linf 0.5 0.25 3 1159 861 0 300174 0.999999913719 0.0
AA k17_Linf 0.5 0.25 4 1132 1064 84 299914 0.930920976076 0.0731707253336
AA k17_Linf 0.5 0.25 16 1064 1743 2847 296540 0.272053176373 0.620261424395
AA k17_Linf 0.5 0.25 32 912 6445 2737 292100 0.24993148123 0.298083203027
AA k17_Linf 0.5 0.5 3 1734 861 0 299599 0.99999994233 0.0
AA k17_Linf 0.5 0.5 4 1468 1064 84 299578 0.945876227714 0.0731707253336
AA k17_Linf 0.5 0.5 16 1400 1616 2974 296204 0.320073152262 0.647930269108
AA k17_Linf 0.5 0.5 32 1441 2151 7031 291571 0.170089705263 0.765737303793