AA 1 8867 1326 3264 288737 0.730937262131 0.711111095618
RHOD 1 268 125 667 259187 0.286630985387 0.842171610837
aca 1 67 132 220 180468 0.233449396011 0.624999822443
AA 2 5793 1326 3264 291811 0.639615759748 0.711111095618
RHOD 2 198 125 667 259257 0.228901707641 0.842171610837
aca 2 39 132 220 180496 0.150579092441 0.624999822443
AA 3 3630 1326 3264 293974 0.526544813946 0.711111095618
RHOD 3 193 136 656 259262 0.22732623942 0.828282723702
aca 3 36 132 220 180499 0.140624945068 0.624999822443
AA 5 1246 1529 3061 296358 0.289296487363 0.666884517061
RHOD 5 39 392 400 259416 0.0888382485562 0.505050441282
aca 5 14 201 151 180521 0.0848484334252 0.428977150859
AA 7 523 2278 2312 297081 0.184479711306 0.50370369273
RHOD 7 25 556 236 259430 0.0957854039136 0.297979760356
aca 7 0 255 97 180535 0.0 0.275568103532
