DATA	k	p	q	error_length	FP	FN	TP	TN	FPR	Recall
RHOD	k5_L30	0.1	0.1	4	92	198	198	259759	0.317241269917	0.499999873737
RHOD	k5_L30	0.1	0.1	8	87	136	656	259368	0.117092850997	0.828282723702
RHOD	k5_L30	0.1	0.1	32	141	1531	1636	256939	0.0793472099411	0.516577186089
RHOD	k5_L30	0.1	0.25	4	92	198	198	259759	0.317241269917	0.499999873737
RHOD	k5_L30	0.1	0.25	8	87	136	656	259368	0.117092850997	0.828282723702
RHOD	k5_L30	0.1	0.25	32	141	1531	1636	256939	0.0793472099411	0.516577186089
RHOD	k5_L30	0.1	0.5	4	92	198	198	259759	0.317241269917	0.499999873737
RHOD	k5_L30	0.1	0.5	8	87	136	656	259368	0.117092850997	0.828282723702
RHOD	k5_L30	0.1	0.5	32	141	1531	1636	256939	0.0793472099411	0.516577186089
RHOD	k5_L30	0.25	0.1	4	226	198	198	259625	0.533018742213	0.499999873737
RHOD	k5_L30	0.25	0.1	8	193	136	656	259262	0.22732623942	0.828282723702
RHOD	k5_L30	0.25	0.1	32	233	1531	1636	256847	0.124665589906	0.516577186089
RHOD	k5_L30	0.25	0.25	4	226	198	198	259625	0.533018742213	0.499999873737
RHOD	k5_L30	0.25	0.25	8	193	136	656	259262	0.22732623942	0.828282723702
RHOD	k5_L30	0.25	0.25	32	233	1531	1636	256847	0.124665589906	0.516577186089
RHOD	k5_L30	0.25	0.5	4	226	198	198	259625	0.533018742213	0.499999873737
RHOD	k5_L30	0.25	0.5	8	193	136	656	259262	0.22732623942	0.828282723702
RHOD	k5_L30	0.25	0.5	32	233	1531	1636	256847	0.124665589906	0.516577186089
RHOD	k5_L30	0.5	0.1	4	226	198	198	259625	0.533018742213	0.499999873737
RHOD	k5_L30	0.5	0.1	8	193	136	656	259262	0.22732623942	0.828282723702
RHOD	k5_L30	0.5	0.1	32	233	1531	1636	256847	0.124665589906	0.516577186089
RHOD	k5_L30	0.5	0.25	4	226	198	198	259625	0.533018742213	0.499999873737
RHOD	k5_L30	0.5	0.25	8	193	136	656	259262	0.22732623942	0.828282723702
RHOD	k5_L30	0.5	0.25	32	233	1531	1636	256847	0.124665589906	0.516577186089
RHOD	k5_L30	0.5	0.5	4	226	198	198	259625	0.533018742213	0.499999873737
RHOD	k5_L30	0.5	0.5	8	193	136	656	259262	0.22732623942	0.828282723702
RHOD	k5_L30	0.5	0.5	32	233	1531	1636	256847	0.124665589906	0.516577186089
RHOD	k9_L54	0.1	0.1	4	226	198	198	259625	0.533018742213	0.499999873737
RHOD	k9_L54	0.1	0.1	8	193	136	656	259262	0.22732623942	0.828282723702
RHOD	k9_L54	0.1	0.1	32	233	1531	1636	256847	0.124665589906	0.516577186089
RHOD	k9_L54	0.1	0.25	4	226	198	198	259625	0.533018742213	0.499999873737
RHOD	k9_L54	0.1	0.25	8	193	136	656	259262	0.22732623942	0.828282723702
RHOD	k9_L54	0.1	0.25	32	233	1531	1636	256847	0.124665589906	0.516577186089
RHOD	k9_L54	0.1	0.5	4	226	198	198	259625	0.533018742213	0.499999873737
RHOD	k9_L54	0.1	0.5	8	193	136	656	259262	0.22732623942	0.828282723702
RHOD	k9_L54	0.1	0.5	32	233	1531	1636	256847	0.124665589906	0.516577186089
RHOD	k9_L54	0.25	0.1	4	226	198	198	259625	0.533018742213	0.499999873737
RHOD	k9_L54	0.25	0.1	8	193	136	656	259262	0.22732623942	0.828282723702
RHOD	k9_L54	0.25	0.1	32	233	1531	1636	256847	0.124665589906	0.516577186089
RHOD	k9_L54	0.25	0.25	4	226	198	198	259625	0.533018742213	0.499999873737
RHOD	k9_L54	0.25	0.25	8	193	136	656	259262	0.22732623942	0.828282723702
RHOD	k9_L54	0.25	0.25	32	233	1531	1636	256847	0.124665589906	0.516577186089
RHOD	k9_L54	0.25	0.5	4	226	198	198	259625	0.533018742213	0.499999873737
RHOD	k9_L54	0.25	0.5	8	193	136	656	259262	0.22732623942	0.828282723702
RHOD	k9_L54	0.25	0.5	32	233	1531	1636	256847	0.124665589906	0.516577186089
RHOD	k9_L54	0.5	0.1	4	226	198	198	259625	0.533018742213	0.499999873737
RHOD	k9_L54	0.5	0.1	8	193	136	656	259262	0.22732623942	0.828282723702
RHOD	k9_L54	0.5	0.1	32	233	1531	1636	256847	0.124665589906	0.516577186089
RHOD	k9_L54	0.5	0.25	4	226	198	198	259625	0.533018742213	0.499999873737
RHOD	k9_L54	0.5	0.25	8	193	136	656	259262	0.22732623942	0.828282723702
RHOD	k9_L54	0.5	0.25	32	233	1531	1636	256847	0.124665589906	0.516577186089
RHOD	k9_L54	0.5	0.5	4	226	198	198	259625	0.533018742213	0.499999873737
RHOD	k9_L54	0.5	0.5	8	193	136	656	259262	0.22732623942	0.828282723702
RHOD	k9_L54	0.5	0.5	32	233	1531	1636	256847	0.124665589906	0.516577186089
RHOD	k17_Linf	0.1	0.1	4	226	198	198	259625	0.533018742213	0.499999873737
RHOD	k17_Linf	0.1	0.1	8	193	136	656	259262	0.22732623942	0.828282723702
RHOD	k17_Linf	0.1	0.1	32	224	1779	1388	256856	0.138957807757	0.438269641987
RHOD	k17_Linf	0.1	0.25	4	226	198	198	259625	0.533018742213	0.499999873737
RHOD	k17_Linf	0.1	0.25	8	193	136	656	259262	0.22732623942	0.828282723702
RHOD	k17_Linf	0.1	0.25	32	233	1531	1636	256847	0.124665589906	0.516577186089
RHOD	k17_Linf	0.1	0.5	4	226	198	198	259625	0.533018742213	0.499999873737
RHOD	k17_Linf	0.1	0.5	8	193	136	656	259262	0.22732623942	0.828282723702
RHOD	k17_Linf	0.1	0.5	32	233	1531	1636	256847	0.124665589906	0.516577186089
RHOD	k17_Linf	0.25	0.1	4	226	198	198	259625	0.533018742213	0.499999873737
RHOD	k17_Linf	0.25	0.1	8	193	136	656	259262	0.22732623942	0.828282723702
RHOD	k17_Linf	0.25	0.1	32	224	1779	1388	256856	0.138957807757	0.438269641987
RHOD	k17_Linf	0.25	0.25	4	226	198	198	259625	0.533018742213	0.499999873737
RHOD	k17_Linf	0.25	0.25	8	193	136	656	259262	0.22732623942	0.828282723702
RHOD	k17_Linf	0.25	0.25	32	233	1531	1636	256847	0.124665589906	0.516577186089
RHOD	k17_Linf	0.25	0.5	4	226	198	198	259625	0.533018742213	0.499999873737
RHOD	k17_Linf	0.25	0.5	8	193	136	656	259262	0.22732623942	0.828282723702
RHOD	k17_Linf	0.25	0.5	32	233	1531	1636	256847	0.124665589906	0.516577186089
RHOD	k17_Linf	0.5	0.1	4	226	198	198	259625	0.533018742213	0.499999873737
RHOD	k17_Linf	0.5	0.1	8	193	136	656	259262	0.22732623942	0.828282723702
RHOD	k17_Linf	0.5	0.1	32	224	1779	1388	256856	0.138957807757	0.438269641987
RHOD	k17_Linf	0.5	0.25	4	226	198	198	259625	0.533018742213	0.499999873737
RHOD	k17_Linf	0.5	0.25	8	193	136	656	259262	0.22732623942	0.828282723702
RHOD	k17_Linf	0.5	0.25	32	233	1531	1636	256847	0.124665589906	0.516577186089
RHOD	k17_Linf	0.5	0.5	4	226	198	198	259625	0.533018742213	0.499999873737
RHOD	k17_Linf	0.5	0.5	8	193	136	656	259262	0.22732623942	0.828282723702
RHOD	k17_Linf	0.5	0.5	32	233	1531	1636	256847	0.124665589906	0.516577186089
aca	k5_L30	0.1	0.1	4	23	132	220	180512	0.0946501668106	0.624999822443
aca	k5_L30	0.1	0.1	8	18	192	512	180165	0.033962257743	0.727272623967
aca	k5_L30	0.1	0.1	32	36	639	2177	178035	0.0162675094321	0.77308235891
aca	k5_L30	0.1	0.25	4	23	132	220	180512	0.0946501668106	0.624999822443
aca	k5_L30	0.1	0.25	8	18	192	512	180165	0.033962257743	0.727272623967
aca	k5_L30	0.1	0.25	32	38	623	2193	178033	0.0170327199896	0.77876417689
aca	k5_L30	0.1	0.5	4	23	132	220	180512	0.0946501668106	0.624999822443
aca	k5_L30	0.1	0.5	8	18	192	512	180165	0.033962257743	0.727272623967
aca	k5_L30	0.1	0.5	32	38	623	2193	178033	0.0170327199896	0.77876417689
aca	k5_L30	0.25	0.1	4	36	132	220	180499	0.140624945068	0.624999822443
aca	k5_L30	0.25	0.1	8	30	192	512	180153	0.0553505432933	0.727272623967
aca	k5_L30	0.25	0.1	32	37	639	2177	178034	0.0167118330302	0.77308235891
aca	k5_L30	0.25	0.25	4	36	132	220	180499	0.140624945068	0.624999822443
aca	k5_L30	0.25	0.25	8	30	192	512	180153	0.0553505432933	0.727272623967
aca	k5_L30	0.25	0.25	32	39	623	2193	178032	0.0174731174967	0.77876417689
aca	k5_L30	0.25	0.5	4	36	132	220	180499	0.140624945068	0.624999822443
aca	k5_L30	0.25	0.5	8	30	192	512	180153	0.0553505432933	0.727272623967
aca	k5_L30	0.25	0.5	32	39	623	2193	178032	0.0174731174967	0.77876417689
aca	k5_L30	0.5	0.1	4	36	132	220	180499	0.140624945068	0.624999822443
aca	k5_L30	0.5	0.1	8	30	192	512	180153	0.0553505432933	0.727272623967
aca	k5_L30	0.5	0.1	32	37	639	2177	178034	0.0167118330302	0.77308235891
aca	k5_L30	0.5	0.25	4	36	132	220	180499	0.140624945068	0.624999822443
aca	k5_L30	0.5	0.25	8	30	192	512	180153	0.0553505432933	0.727272623967
aca	k5_L30	0.5	0.25	32	39	623	2193	178032	0.0174731174967	0.77876417689
aca	k5_L30	0.5	0.5	4	36	132	220	180499	0.140624945068	0.624999822443
aca	k5_L30	0.5	0.5	8	30	192	512	180153	0.0553505432933	0.727272623967
aca	k5_L30	0.5	0.5	32	39	623	2193	178032	0.0174731174967	0.77876417689
aca	k9_L54	0.1	0.1	4	36	132	220	180499	0.140624945068	0.624999822443
aca	k9_L54	0.1	0.1	8	30	192	512	180153	0.0553505432933	0.727272623967
aca	k9_L54	0.1	0.1	32	37	639	2177	178034	0.0167118330302	0.77308235891
aca	k9_L54	0.1	0.25	4	36	132	220	180499	0.140624945068	0.624999822443
aca	k9_L54	0.1	0.25	8	30	192	512	180153	0.0553505432933	0.727272623967
aca	k9_L54	0.1	0.25	32	37	639	2177	178034	0.0167118330302	0.77308235891
aca	k9_L54	0.1	0.5	4	36	132	220	180499	0.140624945068	0.624999822443
aca	k9_L54	0.1	0.5	8	30	192	512	180153	0.0553505432933	0.727272623967
aca	k9_L54	0.1	0.5	32	37	639	2177	178034	0.0167118330302	0.77308235891
aca	k9_L54	0.25	0.1	4	36	132	220	180499	0.140624945068	0.624999822443
aca	k9_L54	0.25	0.1	8	30	192	512	180153	0.0553505432933	0.727272623967
aca	k9_L54	0.25	0.1	32	37	639	2177	178034	0.0167118330302	0.77308235891
aca	k9_L54	0.25	0.25	4	36	132	220	180499	0.140624945068	0.624999822443
aca	k9_L54	0.25	0.25	8	30	192	512	180153	0.0553505432933	0.727272623967
aca	k9_L54	0.25	0.25	32	37	639	2177	178034	0.0167118330302	0.77308235891
aca	k9_L54	0.25	0.5	4	36	132	220	180499	0.140624945068	0.624999822443
aca	k9_L54	0.25	0.5	8	30	192	512	180153	0.0553505432933	0.727272623967
aca	k9_L54	0.25	0.5	32	37	639	2177	178034	0.0167118330302	0.77308235891
aca	k9_L54	0.5	0.1	4	36	132	220	180499	0.140624945068	0.624999822443
aca	k9_L54	0.5	0.1	8	30	192	512	180153	0.0553505432933	0.727272623967
aca	k9_L54	0.5	0.1	32	37	639	2177	178034	0.0167118330302	0.77308235891
aca	k9_L54	0.5	0.25	4	36	132	220	180499	0.140624945068	0.624999822443
aca	k9_L54	0.5	0.25	8	30	192	512	180153	0.0553505432933	0.727272623967
aca	k9_L54	0.5	0.25	32	37	639	2177	178034	0.0167118330302	0.77308235891
aca	k9_L54	0.5	0.5	4	36	132	220	180499	0.140624945068	0.624999822443
aca	k9_L54	0.5	0.5	8	30	192	512	180153	0.0553505432933	0.727272623967
aca	k9_L54	0.5	0.5	32	37	639	2177	178034	0.0167118330302	0.77308235891
aca	k17_Linf	0.1	0.1	4	36	132	220	180499	0.140624945068	0.624999822443
aca	k17_Linf	0.1	0.1	8	30	192	512	180153	0.0553505432933	0.727272623967
aca	k17_Linf	0.1	0.1	32	22	1825	991	178049	0.0217176681424	0.351917601139
aca	k17_Linf	0.1	0.25	4	36	132	220	180499	0.140624945068	0.624999822443
aca	k17_Linf	0.1	0.25	8	30	192	512	180153	0.0553505432933	0.727272623967
aca	k17_Linf	0.1	0.25	32	37	640	2176	178034	0.0167193846941	0.772727245287
aca	k17_Linf	0.1	0.5	4	36	132	220	180499	0.140624945068	0.624999822443
aca	k17_Linf	0.1	0.5	8	30	192	512	180153	0.0553505432933	0.727272623967
aca	k17_Linf	0.1	0.5	32	37	639	2177	178034	0.0167118330302	0.77308235891
aca	k17_Linf	0.25	0.1	4	36	132	220	180499	0.140624945068	0.624999822443
aca	k17_Linf	0.25	0.1	8	30	192	512	180153	0.0553505432933	0.727272623967
aca	k17_Linf	0.25	0.1	32	22	1825	991	178049	0.0217176681424	0.351917601139
aca	k17_Linf	0.25	0.25	4	36	132	220	180499	0.140624945068	0.624999822443
aca	k17_Linf	0.25	0.25	8	30	192	512	180153	0.0553505432933	0.727272623967
aca	k17_Linf	0.25	0.25	32	37	640	2176	178034	0.0167193846941	0.772727245287
aca	k17_Linf	0.25	0.5	4	36	132	220	180499	0.140624945068	0.624999822443
aca	k17_Linf	0.25	0.5	8	30	192	512	180153	0.0553505432933	0.727272623967
aca	k17_Linf	0.25	0.5	32	37	639	2177	178034	0.0167118330302	0.77308235891
aca	k17_Linf	0.5	0.1	4	36	132	220	180499	0.140624945068	0.624999822443
aca	k17_Linf	0.5	0.1	8	30	192	512	180153	0.0553505432933	0.727272623967
aca	k17_Linf	0.5	0.1	32	22	1825	991	178049	0.0217176681424	0.351917601139
aca	k17_Linf	0.5	0.25	4	36	132	220	180499	0.140624945068	0.624999822443
aca	k17_Linf	0.5	0.25	8	30	192	512	180153	0.0553505432933	0.727272623967
aca	k17_Linf	0.5	0.25	32	37	640	2176	178034	0.0167193846941	0.772727245287
aca	k17_Linf	0.5	0.5	4	36	132	220	180499	0.140624945068	0.624999822443
aca	k17_Linf	0.5	0.5	8	30	192	512	180153	0.0553505432933	0.727272623967
aca	k17_Linf	0.5	0.5	32	37	639	2177	178034	0.0167118330302	0.77308235891
NT3	k5_L30	0.1	0.1	4	47	70	326	119140	0.126005328149	0.823232115345
NT3	k5_L30	0.1	0.1	8	58	42	750	118733	0.0717821693339	0.946969577403
NT3	k5_L30	0.1	0.1	32	57	1047	2121	116358	0.0261707976965	0.669507554624
NT3	k5_L30	0.1	0.25	4	47	70	326	119140	0.126005328149	0.823232115345
NT3	k5_L30	0.1	0.25	8	58	42	750	118733	0.0717821693339	0.946969577403
NT3	k5_L30	0.1	0.25	32	57	981	2187	116358	0.0254010683868	0.6903408873
NT3	k5_L30	0.1	0.5	4	47	70	326	119140	0.126005328149	0.823232115345
NT3	k5_L30	0.1	0.5	8	58	42	750	118733	0.0717821693339	0.946969577403
NT3	k5_L30	0.1	0.5	32	57	981	2187	116358	0.0254010683868	0.6903408873
NT3	k5_L30	0.25	0.1	4	47	70	326	119140	0.126005328149	0.823232115345
NT3	k5_L30	0.25	0.1	8	58	42	750	118733	0.0717821693339	0.946969577403
NT3	k5_L30	0.25	0.1	32	57	1047	2121	116358	0.0261707976965	0.669507554624
NT3	k5_L30	0.25	0.25	4	47	70	326	119140	0.126005328149	0.823232115345
NT3	k5_L30	0.25	0.25	8	58	42	750	118733	0.0717821693339	0.946969577403
NT3	k5_L30	0.25	0.25	32	57	981	2187	116358	0.0254010683868	0.6903408873
NT3	k5_L30	0.25	0.5	4	47	70	326	119140	0.126005328149	0.823232115345
NT3	k5_L30	0.25	0.5	8	58	42	750	118733	0.0717821693339	0.946969577403
NT3	k5_L30	0.25	0.5	32	57	981	2187	116358	0.0254010683868	0.6903408873
NT3	k5_L30	0.5	0.1	4	47	70	326	119140	0.126005328149	0.823232115345
NT3	k5_L30	0.5	0.1	8	58	42	750	118733	0.0717821693339	0.946969577403
NT3	k5_L30	0.5	0.1	32	57	1047	2121	116358	0.0261707976965	0.669507554624
NT3	k5_L30	0.5	0.25	4	47	70	326	119140	0.126005328149	0.823232115345
NT3	k5_L30	0.5	0.25	8	58	42	750	118733	0.0717821693339	0.946969577403
NT3	k5_L30	0.5	0.25	32	57	981	2187	116358	0.0254010683868	0.6903408873
NT3	k5_L30	0.5	0.5	4	47	70	326	119140	0.126005328149	0.823232115345
NT3	k5_L30	0.5	0.5	8	58	42	750	118733	0.0717821693339	0.946969577403
NT3	k5_L30	0.5	0.5	32	57	981	2187	116358	0.0254010683868	0.6903408873
NT3	k9_L54	0.1	0.1	4	47	70	326	119140	0.126005328149	0.823232115345
NT3	k9_L54	0.1	0.1	8	58	42	750	118733	0.0717821693339	0.946969577403
NT3	k9_L54	0.1	0.1	32	57	1047	2121	116358	0.0261707976965	0.669507554624
NT3	k9_L54	0.1	0.25	4	47	70	326	119140	0.126005328149	0.823232115345
NT3	k9_L54	0.1	0.25	8	58	42	750	118733	0.0717821693339	0.946969577403
NT3	k9_L54	0.1	0.25	32	57	1047	2121	116358	0.0261707976965	0.669507554624
NT3	k9_L54	0.1	0.5	4	47	70	326	119140	0.126005328149	0.823232115345
NT3	k9_L54	0.1	0.5	8	58	42	750	118733	0.0717821693339	0.946969577403
NT3	k9_L54	0.1	0.5	32	57	1047	2121	116358	0.0261707976965	0.669507554624
NT3	k9_L54	0.25	0.1	4	47	70	326	119140	0.126005328149	0.823232115345
NT3	k9_L54	0.25	0.1	8	58	42	750	118733	0.0717821693339	0.946969577403
NT3	k9_L54	0.25	0.1	32	57	1047	2121	116358	0.0261707976965	0.669507554624
NT3	k9_L54	0.25	0.25	4	47	70	326	119140	0.126005328149	0.823232115345
NT3	k9_L54	0.25	0.25	8	58	42	750	118733	0.0717821693339	0.946969577403
NT3	k9_L54	0.25	0.25	32	57	1047	2121	116358	0.0261707976965	0.669507554624
NT3	k9_L54	0.25	0.5	4	47	70	326	119140	0.126005328149	0.823232115345
NT3	k9_L54	0.25	0.5	8	58	42	750	118733	0.0717821693339	0.946969577403
NT3	k9_L54	0.25	0.5	32	57	1047	2121	116358	0.0261707976965	0.669507554624
NT3	k9_L54	0.5	0.1	4	47	70	326	119140	0.126005328149	0.823232115345
NT3	k9_L54	0.5	0.1	8	58	42	750	118733	0.0717821693339	0.946969577403
NT3	k9_L54	0.5	0.1	32	57	1047	2121	116358	0.0261707976965	0.669507554624
NT3	k9_L54	0.5	0.25	4	47	70	326	119140	0.126005328149	0.823232115345
NT3	k9_L54	0.5	0.25	8	58	42	750	118733	0.0717821693339	0.946969577403
NT3	k9_L54	0.5	0.25	32	57	1047	2121	116358	0.0261707976965	0.669507554624
NT3	k9_L54	0.5	0.5	4	47	70	326	119140	0.126005328149	0.823232115345
NT3	k9_L54	0.5	0.5	8	58	42	750	118733	0.0717821693339	0.946969577403
NT3	k9_L54	0.5	0.5	32	57	1047	2121	116358	0.0261707976965	0.669507554624
NT3	k17_Linf	0.1	0.1	4	47	70	326	119140	0.126005328149	0.823232115345
NT3	k17_Linf	0.1	0.1	8	46	43	749	118745	0.0578616279419	0.9457069513
NT3	k17_Linf	0.1	0.1	32	23	2598	570	116392	0.038785828198	0.179924236745
NT3	k17_Linf	0.1	0.25	4	47	70	326	119140	0.126005328149	0.823232115345
NT3	k17_Linf	0.1	0.25	8	58	42	750	118733	0.0717821693339	0.946969577403
NT3	k17_Linf	0.1	0.25	32	44	2004	1164	116371	0.0364238380444	0.367424230826
NT3	k17_Linf	0.1	0.5	4	47	70	326	119140	0.126005328149	0.823232115345
NT3	k17_Linf	0.1	0.5	8	58	42	750	118733	0.0717821693339	0.946969577403
NT3	k17_Linf	0.1	0.5	32	57	1047	2121	116358	0.0261707976965	0.669507554624
NT3	k17_Linf	0.25	0.1	4	47	70	326	119140	0.126005328149	0.823232115345
NT3	k17_Linf	0.25	0.1	8	46	43	749	118745	0.0578616279419	0.9457069513
NT3	k17_Linf	0.25	0.1	32	23	2598	570	116392	0.038785828198	0.179924236745
NT3	k17_Linf	0.25	0.25	4	47	70	326	119140	0.126005328149	0.823232115345
NT3	k17_Linf	0.25	0.25	8	58	42	750	118733	0.0717821693339	0.946969577403
NT3	k17_Linf	0.25	0.25	32	44	2004	1164	116371	0.0364238380444	0.367424230826
NT3	k17_Linf	0.25	0.5	4	47	70	326	119140	0.126005328149	0.823232115345
NT3	k17_Linf	0.25	0.5	8	58	42	750	118733	0.0717821693339	0.946969577403
NT3	k17_Linf	0.25	0.5	32	57	1047	2121	116358	0.0261707976965	0.669507554624
NT3	k17_Linf	0.5	0.1	4	47	70	326	119140	0.126005328149	0.823232115345
NT3	k17_Linf	0.5	0.1	8	46	43	749	118745	0.0578616279419	0.9457069513
NT3	k17_Linf	0.5	0.1	32	23	2598	570	116392	0.038785828198	0.179924236745
NT3	k17_Linf	0.5	0.25	4	47	70	326	119140	0.126005328149	0.823232115345
NT3	k17_Linf	0.5	0.25	8	58	42	750	118733	0.0717821693339	0.946969577403
NT3	k17_Linf	0.5	0.25	32	44	2004	1164	116371	0.0364238380444	0.367424230826
NT3	k17_Linf	0.5	0.5	4	47	70	326	119140	0.126005328149	0.823232115345
NT3	k17_Linf	0.5	0.5	8	58	42	750	118733	0.0717821693339	0.946969577403
NT3	k17_Linf	0.5	0.5	32	57	1047	2121	116358	0.0261707976965	0.669507554624
AA	k5_L30	0.1	0.1	2	3594	479	423	297698	0.894697513201	0.468957819406
AA	k5_L30	0.1	0.1	8	4066	631	2976	294521	0.577392777941	0.825062355834
AA	k5_L30	0.1	0.25	2	3993	479	423	297299	0.904211936046	0.468957819406
AA	k5_L30	0.1	0.25	8	4345	618	2989	294242	0.592446133182	0.828666458867
AA	k5_L30	0.1	0.5	2	3993	479	423	297299	0.904211936046	0.468957819406
AA	k5_L30	0.1	0.5	8	4345	618	2989	294242	0.592446133182	0.828666458867
AA	k5_L30	0.25	0.1	2	3808	479	423	297484	0.900023613802	0.468957819406
AA	k5_L30	0.25	0.1	8	4214	631	2976	294373	0.586091786007	0.825062355834
AA	k5_L30	0.25	0.25	2	4834	479	423	296458	0.919535839461	0.468957819406
AA	k5_L30	0.25	0.25	8	5094	618	2989	293493	0.630211547319	0.828666458867
AA	k5_L30	0.25	0.5	2	4858	479	423	296434	0.919901516381	0.468957819406
AA	k5_L30	0.25	0.5	8	5135	618	2989	293452	0.63207778641	0.828666458867
AA	k5_L30	0.5	0.1	2	3808	479	423	297484	0.900023613802	0.468957819406
AA	k5_L30	0.5	0.1	8	4214	631	2976	294373	0.586091786007	0.825062355834
AA	k5_L30	0.5	0.25	2	4834	479	423	296458	0.919535839461	0.468957819406
AA	k5_L30	0.5	0.25	8	5094	618	2989	293493	0.630211547319	0.828666458867
AA	k5_L30	0.5	0.5	2	4858	479	423	296434	0.919901516381	0.468957819406
AA	k5_L30	0.5	0.5	8	5135	618	2989	293452	0.63207778641	0.828666458867
AA	k9_L54	0.1	0.1	2	2592	481	421	298700	0.860272125447	0.466740524752
AA	k9_L54	0.1	0.1	8	3203	651	2956	295384	0.520051948043	0.819517581937
AA	k9_L54	0.1	0.25	2	3630	481	421	297662	0.896075021079	0.466740524752
AA	k9_L54	0.1	0.25	8	4035	631	2976	294552	0.575524168086	0.825062355834
AA	k9_L54	0.1	0.5	2	3746	481	421	297546	0.89896806098	0.466740524752
AA	k9_L54	0.1	0.5	8	4086	631	2976	294501	0.578589626471	0.825062355834
AA	k9_L54	0.25	0.1	2	2598	479	423	298694	0.85998011056	0.468957819406
AA	k9_L54	0.25	0.1	8	3203	651	2956	295384	0.520051948043	0.819517581937
AA	k9_L54	0.25	0.25	2	3808	479	423	297484	0.900023613802	0.468957819406
AA	k9_L54	0.25	0.25	8	4214	631	2976	294373	0.586091786007	0.825062355834
AA	k9_L54	0.25	0.5	2	3928	479	423	297364	0.902780949143	0.468957819406
AA	k9_L54	0.25	0.5	8	4301	631	2976	294286	0.591040255723	0.825062355834
AA	k9_L54	0.5	0.1	2	2598	479	423	298694	0.85998011056	0.468957819406
AA	k9_L54	0.5	0.1	8	3203	651	2956	295384	0.520051948043	0.819517581937
AA	k9_L54	0.5	0.25	2	3808	479	423	297484	0.900023613802	0.468957819406
AA	k9_L54	0.5	0.25	8	4214	631	2976	294373	0.586091786007	0.825062355834
AA	k9_L54	0.5	0.5	2	3928	479	423	297364	0.902780949143	0.468957819406
AA	k9_L54	0.5	0.5	8	4301	631	2976	294286	0.591040255723	0.825062355834
AA	k17_Linf	0.1	0.1	2	2816	479	423	298476	0.869404110238	0.468957819406
AA	k17_Linf	0.1	0.1	8	2670	2162	1445	295917	0.648845670745	0.400609914039
AA	k17_Linf	0.1	0.25	2	3521	479	423	297771	0.892748456066	0.468957819406
AA	k17_Linf	0.1	0.25	8	3665	664	2943	294922	0.554630742212	0.815913478905
AA	k17_Linf	0.1	0.5	2	3808	479	423	297484	0.900023613802	0.468957819406
AA	k17_Linf	0.1	0.5	8	4214	631	2976	294373	0.586091786007	0.825062355834
AA	k17_Linf	0.25	0.1	2	2816	479	423	298476	0.869404110238	0.468957819406
AA	k17_Linf	0.25	0.1	8	2670	2162	1445	295917	0.648845670745	0.400609914039
AA	k17_Linf	0.25	0.25	2	3521	479	423	297771	0.892748456066	0.468957819406
AA	k17_Linf	0.25	0.25	8	3665	664	2943	294922	0.554630742212	0.815913478905
AA	k17_Linf	0.25	0.5	2	3808	479	423	297484	0.900023613802	0.468957819406
AA	k17_Linf	0.25	0.5	8	4214	631	2976	294373	0.586091786007	0.825062355834
AA	k17_Linf	0.5	0.1	2	2816	479	423	298476	0.869404110238	0.468957819406
AA	k17_Linf	0.5	0.1	8	2670	2162	1445	295917	0.648845670745	0.400609914039
AA	k17_Linf	0.5	0.25	2	3521	479	423	297771	0.892748456066	0.468957819406
AA	k17_Linf	0.5	0.25	8	3665	664	2943	294922	0.554630742212	0.815913478905
AA	k17_Linf	0.5	0.5	2	3808	479	423	297484	0.900023613802	0.468957819406
AA	k17_Linf	0.5	0.5	8	4214	631	2976	294373	0.586091786007	0.825062355834
AA	k5_L30	0.1	0.1	3	3925	543	809	296917	0.829108558743	0.598372736807
AA	k5_L30	0.1	0.1	4	3886	419	1385	296504	0.737241496163	0.767738316644
AA	k5_L30	0.1	0.1	16	3424	1896	5318	291556	0.391672381701	0.73717769979
AA	k5_L30	0.1	0.25	3	4161	541	811	296681	0.836886547931	0.599852026638
AA	k5_L30	0.1	0.25	4	4198	419	1385	296192	0.751925474621	0.767738316644
AA	k5_L30	0.1	0.25	16	4171	1832	5382	290809	0.436616765031	0.746049338147
AA	k5_L30	0.1	0.5	3	4161	541	811	296681	0.836886547931	0.599852026638
AA	k5_L30	0.1	0.5	4	4198	419	1385	296192	0.751925474621	0.767738316644
AA	k5_L30	0.1	0.5	16	4186	1832	5382	290794	0.437499995427	0.746049338147
AA	k5_L30	0.25	0.1	3	4191	543	809	296651	0.838199983236	0.598372736807
AA	k5_L30	0.25	0.1	4	4035	419	1385	296355	0.744464930914	0.767738316644
AA	k5_L30	0.25	0.1	16	3696	1896	5318	291284	0.410028839472	0.73717769979
AA	k5_L30	0.25	0.25	3	5148	541	811	295694	0.863903324989	0.599852026638
AA	k5_L30	0.25	0.25	4	4915	419	1385	295475	0.780158717775	0.767738316644
AA	k5_L30	0.25	0.25	16	4913	1832	5382	290067	0.477221947769	0.746049338147
AA	k5_L30	0.25	0.5	3	5168	541	811	295674	0.864358573936	0.599852026638
AA	k5_L30	0.25	0.5	4	4928	419	1385	295462	0.780611424353	0.767738316644
AA	k5_L30	0.25	0.5	16	5048	1832	5382	289932	0.483988490086	0.746049338147
AA	k5_L30	0.5	0.1	3	4191	543	809	296651	0.838199983236	0.598372736807
AA	k5_L30	0.5	0.1	4	4035	419	1385	296355	0.744464930914	0.767738316644
AA	k5_L30	0.5	0.1	16	3696	1896	5318	291284	0.410028839472	0.73717769979
AA	k5_L30	0.5	0.25	3	5148	541	811	295694	0.863903324989	0.599852026638
AA	k5_L30	0.5	0.25	4	4915	419	1385	295475	0.780158717775	0.767738316644
AA	k5_L30	0.5	0.25	16	4913	1832	5382	290067	0.477221947769	0.746049338147
AA	k5_L30	0.5	0.5	3	5168	541	811	295674	0.864358573936	0.599852026638
AA	k5_L30	0.5	0.5	4	4928	419	1385	295462	0.780611424353	0.767738316644
AA	k5_L30	0.5	0.5	16	5048	1832	5382	289932	0.483988490086	0.746049338147
AA	k9_L54	0.1	0.1	3	2896	554	798	297946	0.783973990688	0.590236642734
AA	k9_L54	0.1	0.1	4	2923	419	1385	297467	0.678505091028	0.767738316644
AA	k9_L54	0.1	0.1	16	2692	1955	5259	292288	0.338573760048	0.728999158179
AA	k9_L54	0.1	0.25	3	3836	548	804	297006	0.826724120114	0.594674512228
AA	k9_L54	0.1	0.25	4	3645	419	1385	296745	0.724652073069	0.767738316644
AA	k9_L54	0.1	0.25	16	3696	1896	5318	291284	0.410028839472	0.73717769979
AA	k9_L54	0.1	0.5	3	4032	548	804	296810	0.833746881023	0.594674512228
AA	k9_L54	0.1	0.5	4	3726	419	1385	296664	0.729015833907	0.767738316644
AA	k9_L54	0.1	0.5	16	3861	1890	5324	291119	0.420359276861	0.738009415886
AA	k9_L54	0.25	0.1	3	2915	549	803	297927	0.784023647552	0.593934867313
AA	k9_L54	0.25	0.1	4	2952	419	1385	297438	0.680654814834	0.767738316644
AA	k9_L54	0.25	0.1	16	2692	1955	5259	292288	0.338573760048	0.728999158179
AA	k9_L54	0.25	0.25	3	4191	543	809	296651	0.838199983236	0.598372736807
AA	k9_L54	0.25	0.25	4	4035	419	1385	296355	0.744464930914	0.767738316644
AA	k9_L54	0.25	0.25	16	3696	1896	5318	291284	0.410028839472	0.73717769979
AA	k9_L54	0.25	0.5	3	4412	543	809	296430	0.845048825033	0.598372736807
AA	k9_L54	0.25	0.5	4	4203	419	1385	296187	0.75214744538	0.767738316644
AA	k9_L54	0.25	0.5	16	3861	1890	5324	291119	0.420359276861	0.738009415886
AA	k9_L54	0.5	0.1	3	2915	549	803	297927	0.784023647552	0.593934867313
AA	k9_L54	0.5	0.1	4	2952	419	1385	297438	0.680654814834	0.767738316644
AA	k9_L54	0.5	0.1	16	2692	1955	5259	292288	0.338573760048	0.728999158179
AA	k9_L54	0.5	0.25	3	4191	543	809	296651	0.838199983236	0.598372736807
AA	k9_L54	0.5	0.25	4	4035	419	1385	296355	0.744464930914	0.767738316644
AA	k9_L54	0.5	0.25	16	3696	1896	5318	291284	0.410028839472	0.73717769979
AA	k9_L54	0.5	0.5	3	4412	543	809	296430	0.845048825033	0.598372736807
AA	k9_L54	0.5	0.5	4	4203	419	1385	296187	0.75214744538	0.767738316644
AA	k9_L54	0.5	0.5	16	3861	1890	5324	291119	0.420359276861	0.738009415886
AA	k17_Linf	0.1	0.1	3	2901	571	781	297941	0.787886996527	0.577662679167
AA	k17_Linf	0.1	0.1	4	2847	482	1322	297543	0.682897560976	0.732815923902
AA	k17_Linf	0.1	0.1	16	2665	5973	1241	292315	0.682283648687	0.172026612531
AA	k17_Linf	0.1	0.25	3	3730	543	809	297112	0.821766890906	0.598372736807
AA	k17_Linf	0.1	0.25	4	3622	430	1374	296768	0.724979969476	0.761640756007
AA	k17_Linf	0.1	0.25	16	3285	3423	3791	291695	0.464245329787	0.525505953348
AA	k17_Linf	0.1	0.5	3	4191	543	809	296651	0.838199983236	0.598372736807
AA	k17_Linf	0.1	0.5	4	4035	419	1385	296355	0.744464930914	0.767738316644
AA	k17_Linf	0.1	0.5	16	3696	1896	5318	291284	0.410028839472	0.73717769979
AA	k17_Linf	0.25	0.1	3	2901	571	781	297941	0.787886996527	0.577662679167
AA	k17_Linf	0.25	0.1	4	2847	482	1322	297543	0.682897560976	0.732815923902
AA	k17_Linf	0.25	0.1	16	2665	5973	1241	292315	0.682283648687	0.172026612531
AA	k17_Linf	0.25	0.25	3	3730	543	809	297112	0.821766890906	0.598372736807
AA	k17_Linf	0.25	0.25	4	3622	430	1374	296768	0.724979969476	0.761640756007
AA	k17_Linf	0.25	0.25	16	3285	3423	3791	291695	0.464245329787	0.525505953348
AA	k17_Linf	0.25	0.5	3	4191	543	809	296651	0.838199983236	0.598372736807
AA	k17_Linf	0.25	0.5	4	4035	419	1385	296355	0.744464930914	0.767738316644
AA	k17_Linf	0.25	0.5	16	3696	1896	5318	291284	0.410028839472	0.73717769979
AA	k17_Linf	0.5	0.1	3	2901	571	781	297941	0.787886996527	0.577662679167
AA	k17_Linf	0.5	0.1	4	2847	482	1322	297543	0.682897560976	0.732815923902
AA	k17_Linf	0.5	0.1	16	2665	5973	1241	292315	0.682283648687	0.172026612531
AA	k17_Linf	0.5	0.25	3	3730	543	809	297112	0.821766890906	0.598372736807
AA	k17_Linf	0.5	0.25	4	3622	430	1374	296768	0.724979969476	0.761640756007
AA	k17_Linf	0.5	0.25	16	3285	3423	3791	291695	0.464245329787	0.525505953348
AA	k17_Linf	0.5	0.5	3	4191	543	809	296651	0.838199983236	0.598372736807
AA	k17_Linf	0.5	0.5	4	4035	419	1385	296355	0.744464930914	0.767738316644
AA	k17_Linf	0.5	0.5	16	3696	1896	5318	291284	0.410028839472	0.73717769979
