1001 56 93846
1005 15 34796
1013 74 47831
1014 110 84220
1016 122 122636
1020 260 93857
1025 233 93523
1027 58 139614
1028 197 56667
1029 14 21168
1035 81 35784
1036 195 57019
1037 106 47904
1038 0 39377
1039 176 80636
1040 59 26610
1042 190 44194
1044 721 166681
1045 29 75258
1049 62 240711
1050 0 56666
1054 235 74912
1056 0 20655
1062 17 66300
1066 465 42810
1067 27 43527
1077 111 78395
1078 0 121797
1079 75 78966
1083 16 15352
1085 48 58173
1087 359 101216
1089 142 60937
1094 249 159614
1097 962 80173
1098 210 44029
12 0 21467
16 59 125661
20 101 63462
28 16 10116
30 137 51063
37 0 28779
44 207 37266
5 645 90384
51 12 53226
56 104 45544
62 0 27229
64 177 101334
74 16 11861
82 137 39924
84 58 61776
88 49 58461
89 249 38841
90 172 59659
93 17 33287
99 65 36334
